lat 2
lon 9,10,11,12

lat 3
lon ,8,9,10,11,12

lat 4
7,8,9,10,11,12

lat 5
6,7,8,9,10,11

lat 6
6,7,8,9,10

lat 7
5,6,7,8,9

lat 8
5,6,7,8

lat 9
4,5,6,7

lat 10
4,5,6,7

lat 11
4,5,6,7

lat_indices=[2,3,4,5,6,7,8,9,10,11]
lon_indices=[ [10,11,12], [8,9,10,11,12], [7,8,9,10,11,12], [6,7,8,9,10,11], [6,7,8,9,10], [5,6,7,8,9], [5,6,7,8], [4,5,6,7], [4,5,6,7], [4,5,6,7] ]

NOW RETAIN JUST 4 FROM EACH
lat_indices=[2,3,4,5,6,7,8,9,10,11]
lon_indices=[ [9,10,11,12], [8,9,10,11], [7,8,9,10], [6,7,8,9], [6,7,8,9], [5,6,7,8], [5,6,7,8], [4,5,6,7], [4,5,6,7], [4,5,6,7] ]

"OCEAN" ONLY
lat_indices=[2,3,4,5,6,7,8,9,10,11]
lon_indices=[ [8,9], [7,8], [6,7], [6], [5,6], [5], [4,5], [4], [4], [4] ]