3-year running mean under perc_lo
1 year over perc_hi

perc_hi = 80
perc_lo = 20

- These values all increase as you move inland
- Southern part of the state shows a clear increase in these types of events

2070-2100

NCAL
0.5378632478632479
0.7386150234741784
0.8260042735042736
0.42026422764227633
0.4777294685990338
0.5428743961352657
0.3474396135265701
0.5150520833333333
0.5949264705882352

CCAL
1.1387333333333336
1.1059126984126983
1.3011842105263158
1.0241772151898734
0.9567670682730924
1.220864197530864
0.8172727272727274
1.0049796747967479
1.1759071729957806

SCAL
1.7186764705882351
1.7337857142857143
1.8521064814814816
1.4572831050228314
1.5574780701754387
1.6182000000000003
1.358488888888889
1.4778082191780824
1.4786184210526316



2005-2035

NCAL
0.998888888888889
1.1817840375586857
1.1141452991452991
0.9318902439024389
1.0857487922705313
1.0640338164251208
1.1508937198067635
1.2408072916666668
1.255955882352941

CCAL
1.0788000000000002
1.0345634920634919
1.3011842105263158
0.9672784810126582
1.028975903614458
1.1653703703703704
1.0896969696969698
1.1877032520325201
1.3086708860759493

SCAL
1.6525735294117647
1.4341190476190475
1.4775231481481483
1.4162328767123291
1.380043859649123
1.4184222222222225
1.2186444444444446
1.272557077625571
1.360328947368421



1920-1950

NCAL
0.595491452991453
0.6542018779342724
0.8452136752136752
0.6760772357723577
0.760024154589372
0.8903140096618357
0.9120289855072465
0.9832812500000002
0.8373039215686274

CCAL
0.8790222222222224
0.9275396825396826
1.0646052631578948
0.8155485232067511
0.9026104417670681
0.943395061728395
0.9534848484848484
0.8770731707317072
0.8345147679324894

SCAL
1.1898529411764704
1.1986666666666668
1.227800925925926
1.1699315068493152
1.12375
1.0788000000000002
1.0987777777777779
1.128881278538813
1.0843201754385965





perc_hi = 90
perc_lo = 10

2070-2100

NCAL
0.9364583333333334
0.9275396825396826
0.6514492753623188
0.6308771929824563
0.3525490196078432
0.67425
0.5826851851851853
0.24972222222222223
0.5826851851851853

CCAL
0.9275396825396826
1.4983333333333333
1.362121212121212
0.7134920634920634
0.7817391304347825
1.0543827160493828
0.7134920634920634
0.8853787878787879
1.1986666666666668

SCAL
2.5471666666666666
2.2474999999999996
2.996666666666666
2.0691269841269837
2.4258730158730155
2.697
1.6231944444444446
2.283174603174603
2.711269841269841

2005-2035

NCAL
2.060208333333333
1.5696825396825393
1.3028985507246376
1.2617543859649125
1.7627450980392156
1.3485
1.2486111111111111
1.331851851851852
1.664814814814815

CCAL
0.9275396825396826
0.8561904761904761
1.021590909090909
1.1415873015873015
0.9120289855072463
0.8879012345679014
0.7848412698412697
1.362121212121212
0.8390666666666667

SCAL
1.8729166666666666
1.2940151515151515
1.7627450980392156
1.6410317460317456
1.4269841269841268
1.423416666666667
1.373472222222222
1.5696825396825393
1.4983333333333333


1920-1950

NCAL
0.7491666666666668
0.8561904761904761
0.7165942028985506
0.7885964912280703
0.9695098039215685
0.9739166666666669
1.2486111111111111
0.9988888888888889
1.0821296296296299

CCAL
0.7134920634920634
0.7848412698412697
0.8853787878787879
0.7134920634920634
0.7165942028985506
0.7769135802469137
0.7134920634920634
0.8853787878787879
0.899

SCAL
0.8240833333333334
0.681060606060606
0.793235294117647
1.0702380952380952
0.8561904761904761
0.9739166666666669
0.8115972222222223
0.9275396825396826
0.7848412698412697



perc_hi = 66.666
perc_lo = 33.333

NCAL

CCAL

SCAL
1.1059126984126983
1.1171005917159764
1.2471157684630738
1.0505555555555555
1.0865107212475635
1.204017857142857
1.111970649895178
1.1328861788617886
1.1912215320910975


perc_hi = 95
perc_lo = 33.333

NCAL
1.040509259259259
1.1434649122807017
1.0646052631578948
0.899
0.8490555555555556
0.6810606060606061
0.5993333333333334
0.9097023809523809
0.7718686868686868

CCAL
2.1538541666666666
1.538828828828829
2.2247979797979798
1.806813725490196
1.8508823529411766
1.695482456140351
1.82609375
1.4983333333333335
1.380043859649123

SCAL
2.38796875
2.774691358024691
3.32962962962963
2.4972222222222222
2.996666666666667
2.9467222222222222
2.9450000000000003
2.9483333333333333
3.2848076923076923


perc_lo = 10
perc_hi = 95

NCAL
1.6856250000000002
0.7491666666666665
0.5448484848484848
0.899
0.2996666666666667
0.665925925925926
0.49944444444444447
0.14983333333333335
0.49944444444444447

CCAL
0.9534848484848484
1.6481666666666668
2.043181818181818
0.899
1.4983333333333335
1.1457843137254904
1.1653703703703706
0.9988888888888889
1.1525641025641027

SCAL
3.829074074074074
3.662592592592593
3.496111111111112
2.697
4.3285185185185195
3.246388888888889
2.588030303030303
3.246388888888889
3.2963333333333336

2070-2100

perc_lo = 30
perc_hi = 90

SCAL
1.9375000000000002
1.9633333333333336
2.2611212121212123
1.8229722222222224
1.836666666666667
2.1554970760233916
1.866345029239766
1.9633333333333336
2.286929824561403